&pinput2
 IDRUN = 1, 
 INDX = 8, 
 INDY = 1, 
 PSOLVE = 1, 
 RELATIVITY = 0, 
 CI = 0.1, 
 NPX = 262144, 
 NPY = 2, 
 QME = -1.000, 
 VTX = 0.000001, 
 VTY = 0.000, 
 VTZ = 0.000, 
 VX0 = 0.00, 
 VY0 = 0.000, 
 VZ0 = 0.000, 
 SORTIME = 100, 
 NPXB = 2621, 
 NPYB = 2,  
 NPXI = 262144, 
 NPYI = 2, 
 QMI = 1.000, 
 VXI0 = 0.000, 
 VYI0 = 0.000, 
 VZI0 = 0.000, 
 NPXBI = 2621, 
 NPYBI = 2, 
 VTDX = 0.000001, 
 VTDY = 0.000, 
 VTDZ = 0.000, 
 VDX = 10.000, 
 VDY = 0.000, 
 VDZ = 0.000, 
 TEND = 300.0, 
 DT = 0.200, 
 INORDER = 2, 
 AX = 0.866667, 
 AY = 0.866667, 
 SORTIMI = 250, 
 NDPROF = 0, 
 AMPDX = 0.0, 
 SCALEDX = 0.0, 
 SHIFTDX = 0.0, 
 AMPDY = 0.0, 
 SCALEDY = 0.0, 
 SHIFTDY = 0.0, 
 NDPROFI = 0, 
 AMPDXI = 0.0, 
 SCALEDXI = 0.0, 
 MOVION = 0, 
 QMI = 1.000, 
 RMASS = 100.0, 
 RTEMPXI = 1.000, 
 RTEMPYI = 1.000, 
 RTEMPZI = 1.000, 
 VDXI = 0.000, 
 VDYI = 0.000, 
 VDZI = 0.000, 
 NPLOT = 0, 
 NTW = 50, 
 NTP = 3, 
 NTA = 0, 
 NTV = 0, 
 NTS = 0, 
/

&pinput2_jf
  ntfield=2,
  fvxmax=25., fvymax=25. ,
  fvxmax_ion=10., fvymax_ion=10. ,
  nphbx=100,nphby=100,
  nphxx=20,nphyx=20, 
  nphxy=20,nphyy=20,
/
